timestamp,actual,day_ahead_pred,rolling_pred_p10,rolling_pred_p50,rolling_pred_p90,lstm_pred,naive_pred
2024-07-01 00:00:00,12.089264000000014,12.483941650390648,8.947412109375023,12.483941650390648,15.533837890625023,11.820397949218773,11.343903000000012
2024-07-01 01:00:00,11.771881000000008,12.248925781250023,8.527581787109398,12.185845947265648,15.361718750000023,11.757226562500023,10.676666000000012
2024-07-01 02:00:00,11.170074,12.092492675781273,7.960687255859398,11.864465332031273,15.243798828125023,11.700708007812523,9.930327999999975
2024-07-01 03:00:00,10.874663999999996,12.060815429687523,7.704919433593773,11.662652587890648,15.219079589843773,11.596276855468773,9.360015999999973
2024-07-01 04:00:00,10.675689999999975,12.169976806640648,7.797906494140648,11.740228271484398,15.287744140625023,11.636804199218773,9.259186
2024-07-01 05:00:00,10.788971000000004,12.543603515625023,8.389184570312523,12.155419921875023,15.488000488281273,11.939416503906273,10.07607999999999
2024-07-01 06:00:00,11.671538999999996,13.210473632812523,9.567163085937523,12.924157714843773,15.956475830078148,12.625360107421898,11.384186
2024-07-01 07:00:00,12.796538999999996,14.239434814453148,11.225762939453148,14.160363769531273,17.251336669921898,13.618676757812523,12.58316000000002
2024-07-01 08:00:00,13.901764000000014,15.287438964843773,12.044183349609398,15.141076660156273,18.234765625000023,15.282159423828148,13.668610000000001
2024-07-01 09:00:00,14.732819000000006,16.158654785156273,12.629205322265648,15.891748046875023,19.164147949218773,16.497399902343773,14.02456699999999
2024-07-01 10:00:00,14.770172000000002,16.893182373046898,13.251031494140648,16.537530517578148,20.073480224609398,17.343682861328148,14.238677999999993
2024-07-01 11:00:00,15.035797000000002,17.462762451171898,13.480889892578148,17.029687500000023,20.671350097656273,18.117974853515648,14.776275999999996
2024-07-01 12:00:00,15.373688000000016,17.844873046875023,13.742791748046898,17.330895996093773,21.097863769531273,18.705438232421898,15.143218999999988
2024-07-01 13:00:00,15.535308999999984,18.124871826171898,13.829553222656273,17.437982177734398,21.240441894531273,18.884698486328148,15.88784800000002
2024-07-01 14:00:00,15.534087999999997,18.248956298828148,13.710412597656273,17.321984863281273,21.175317382812523,18.801934814453148,16.393951000000015
2024-07-01 15:00:00,15.955962999999997,18.244744873046898,13.610986328125023,17.020471191406273,20.826257324218773,18.492944335937523,16.385895000000005
2024-07-01 16:00:00,16.17349200000001,18.131524658203148,13.479974365234398,16.744531250000023,20.503381347656273,17.981713867187523,16.244050000000016
2024-07-01 17:00:00,16.326324,17.806878662109398,12.955072021484398,16.066857910156273,19.525628662109398,17.402490234375023,15.11831699999999
2024-07-01 18:00:00,16.51309200000003,17.277246093750023,12.105584716796898,15.230798339843773,18.505273437500023,16.607568359375023,15.194488999999976
2024-07-01 19:00:00,16.20523000000003,16.426019287109398,11.197045898437523,14.285729980468773,17.516564941406273,15.815270996093773,14.891998000000001
2024-07-01 20:00:00,15.116119000000026,15.362176513671898,10.108605957031273,13.289636230468773,16.447381591796898,15.039483642578148,14.400299000000018
2024-07-01 21:00:00,14.263824,14.475122070312523,9.344720458984398,12.554681396484398,15.641015625000023,14.325921630859398,13.900055000000009
2024-07-01 22:00:00,13.379058999999984,13.836938476562523,8.921441650390648,12.151269531250023,15.383752441406273,13.599633789062523,13.644196000000022
2024-07-01 23:00:00,12.920807000000025,13.492913818359398,8.702752685546898,12.021600341796898,15.207604980468773,12.899774169921898,13.050201000000015
2024-07-02 00:00:00,12.552886999999998,11.962487792968773,8.679376220703148,11.962487792968773,15.144219970703148,12.272119140625023,12.089264000000014
2024-07-02 01:00:00,12.398834000000022,11.637536621093773,8.428979492187523,11.824182128906273,14.993188476562523,11.675408935546898,11.771881000000008
2024-07-02 02:00:00,12.30581699999999,11.429223632812523,8.034814453125023,11.648278808593773,14.887139892578148,11.288903808593773,11.170074
2024-07-02 03:00:00,12.234038999999996,11.341760253906273,7.575646972656273,11.271844482421898,14.630029296875023,11.294183349609398,10.874663999999996
2024-07-02 04:00:00,11.98989899999998,11.367517089843773,7.328027343750023,11.050531005859398,14.407617187500023,11.707543945312523,10.675689999999975
2024-07-02 05:00:00,11.467194000000006,11.591546630859398,7.606439208984398,11.174768066406273,14.309320068359398,12.338464355468773,10.788971000000004
2024-07-02 06:00:00,11.64102200000002,11.947381591796898,8.280419921875023,11.488488769531273,14.375787353515648,13.067285156250023,11.671538999999996
2024-07-02 07:00:00,12.391265999999973,12.445825195312523,9.506860351562523,12.295007324218773,15.273645019531273,13.752343750000023,12.796538999999996
2024-07-02 08:00:00,13.415924000000018,13.107415771484398,10.291467285156273,13.194940185546898,16.101953125000023,14.740289306640648,13.901764000000014
2024-07-02 09:00:00,14.375884999999982,13.604791259765648,10.714990234375023,13.767236328125023,16.747735595703148,15.733941650390648,14.732819000000006
2024-07-02 10:00:00,15.501128999999992,13.990014648437523,11.173211669921898,14.196160888671898,17.338769531250023,16.642755126953148,14.770172000000002
2024-07-02 11:00:00,15.811919999999986,14.381372070312523,11.291894531250023,14.489251708984398,17.635949707031273,17.376519775390648,15.035797000000002
2024-07-02 12:00:00,16.683745999999985,14.643090820312523,11.664453125000023,14.815148925781273,18.028070068359398,18.108850097656273,15.373688000000016
2024-07-02 13:00:00,16.780425999999977,14.906579589843773,11.919641113281273,15.009149169921898,18.225213623046898,18.660089111328148,15.535308999999984
2024-07-02 14:00:00,17.222320000000025,15.008386230468773,12.218133544921898,15.326989746093773,18.630578613281273,18.943292236328148,15.534087999999997
2024-07-02 15:00:00,16.98184200000003,15.034692382812523,12.609857177734398,15.576715087890648,18.933618164062523,18.962670898437523,15.955962999999997
2024-07-02 16:00:00,15.667876999999976,15.009149169921898,12.840905761718773,15.699731445312523,19.061944580078148,18.840997314453148,16.17349200000001
2024-07-02 17:00:00,15.519439999999975,14.838311767578148,12.741143798828148,15.520532226562523,18.599603271484398,18.494989013671898,16.326324
2024-07-02 18:00:00,14.821686,14.553918457031273,12.373925781250023,15.153466796875023,17.985681152343773,17.945092773437523,16.51309200000003
2024-07-02 19:00:00,14.523346000000004,14.006524658203148,11.774896240234398,14.566094970703148,17.347100830078148,17.102593994140648,16.20523000000003
2024-07-02 20:00:00,13.780425999999977,13.492791748046898,10.920953369140648,13.844079589843773,16.543908691406273,16.218865966796898,15.116119000000026
2024-07-02 21:00:00,13.018707000000006,12.984063720703148,10.214166259765648,13.170739746093773,15.792901611328148,15.366265869140648,14.263824
2024-07-02 22:00:00,12.034576000000015,12.560784912109398,9.672052001953148,12.659783935546898,15.466882324218773,14.582940673828148,13.379058999999984
2024-07-02 23:00:00,11.369049000000018,12.289208984375023,9.414239501953148,12.476739501953148,15.276483154296898,13.839685058593773,12.920807000000025
2024-07-03 00:00:00,10.874663999999996,12.320916748046898,9.144799804687523,12.320916748046898,15.185052490234398,13.366387939453148,12.552886999999998
2024-07-03 01:00:00,10.479889000000014,12.042871093750023,8.912408447265648,12.162042236328148,15.041680908203148,12.918115234375023,12.398834000000022
2024-07-03 02:00:00,9.968169999999986,11.871392822265648,8.650476074218773,12.096643066406273,15.069665527343773,12.439416503906273,12.30581699999999
2024-07-03 03:00:00,9.693756000000008,11.794702148437523,8.647088623046898,12.148187255859398,15.251519775390648,12.302270507812523,12.234038999999996
2024-07-03 04:00:00,9.391998000000001,11.856591796875023,8.913293457031273,12.391748046875023,15.481561279296898,12.853356933593773,11.98989899999998
2024-07-03 05:00:00,9.414702999999975,12.176507568359398,9.466149902343773,12.805230712890648,15.746789550781273,13.935876464843773,11.467194000000006
2024-07-03 06:00:00,9.845123000000001,12.769006347656273,10.269036865234398,13.308770751953148,16.071191406250023,14.986566162109398,11.64102200000002
2024-07-03 07:00:00,10.445952999999975,13.681146240234398,11.289086914062523,13.949975585937523,16.826898193359398,15.967584228515648,12.391265999999973
2024-07-03 08:00:00,11.16982999999999,14.636468505859398,11.833428955078148,14.645989990234398,17.551690673828148,16.818139648437523,13.415924000000018
2024-07-03 09:00:00,12.095123000000001,15.407342529296898,12.277337646484398,15.252465820312523,18.298577880859398,17.652154541015648,14.375884999999982
2024-07-03 10:00:00,13.945465000000013,16.020501708984398,12.859796142578148,15.871606445312523,19.148797607421898,18.196862792968773,15.501128999999992
2024-07-03 11:00:00,14.774077999999975,16.499597167968773,13.065850830078148,16.291772460937523,19.672845458984398,18.556573486328148,15.811919999999986
2024-07-03 12:00:00,15.549224999999979,16.821466064453148,13.269860839843773,16.496148681640648,19.974542236328148,18.841668701171898,16.683745999999985
2024-07-03 13:00:00,15.898101999999994,17.094781494140648,13.511285400390648,16.779077148437523,20.311120605468773,19.122491455078148,16.780425999999977
2024-07-03 14:00:00,16.213775999999996,17.212426757812523,13.581933593750023,16.942742919921898,20.525811767578148,19.273553466796898,17.222320000000025
2024-07-03 15:00:00,16.287262,17.240747070312523,13.753015136718773,16.979638671875023,20.569177246093773,19.266259765625023,16.98184200000003
2024-07-03 16:00:00,16.18081699999999,17.186486816406273,13.819390869140648,16.955133056640648,20.525628662109398,19.046960449218773,15.667876999999976
2024-07-03 17:00:00,16.079009999999982,16.956994628906273,13.607415771484398,16.632226562500023,19.960961914062523,18.686608886718773,15.519439999999975
2024-07-03 18:00:00,15.817047000000002,16.584283447265648,13.141931152343773,16.099267578125023,19.223474121093773,18.098870849609398,14.821686
2024-07-03 19:00:00,15.461822499999982,15.898980712890648,12.307946777343773,15.245233154296898,18.338739013671898,17.404138183593773,14.523346000000004
2024-07-03 20:00:00,14.216460999999981,15.030145263671898,11.286126708984398,14.362695312500023,17.361413574218773,16.707391357421898,13.780425999999977
2024-07-03 21:00:00,12.866607999999985,14.232965087890648,10.645532226562523,13.783685302734398,16.683435058593773,16.167047119140648,13.018707000000006
2024-07-03 22:00:00,11.50039700000002,13.629327392578148,10.225366210937523,13.385064697265648,16.408471679687523,15.710626220703148,12.034576000000015
2024-07-03 23:00:00,10.729400999999996,13.280725097656273,10.047479248046898,13.270043945312523,16.228784179687523,15.553002929687523,11.369049000000018
2024-07-04 00:00:00,10.028717000000029,13.163262939453148,9.865319824218773,13.163262939453148,15.983880615234398,15.075952148437523,10.874663999999996
2024-07-04 01:00:00,9.807281499999988,12.906549072265648,9.571221923828148,12.952478027343773,15.778741455078148,14.601800537109398,10.479889000000014
2024-07-04 02:00:00,9.601715000000013,12.701196289062523,9.163812255859398,12.748956298828148,15.668695068359398,14.200891113281273,9.968169999999986
2024-07-04 03:00:00,9.639557000000025,12.565911865234398,8.957666015625023,12.584039306640648,15.621057128906273,14.015924072265648,9.693756000000008
2024-07-04 04:00:00,9.624419999999986,12.556359863281273,8.998834228515648,12.609613037109398,15.633325195312523,13.964593505859398,9.391998000000001
2024-07-04 05:00:00,9.940093999999988,12.809869384765648,9.307092285156273,12.803186035156273,15.713922119140648,14.109368896484398,9.414702999999975
2024-07-04 06:00:00,10.91128500000002,13.307977294921898,9.985314941406273,13.174615478515648,15.963403320312523,14.466973876953148,9.845123000000001
2024-07-04 07:00:00,11.73232999999999,14.107568359375023,11.139550781250023,13.969537353515648,16.938409423828148,14.817071533203148,10.445952999999975
2024-07-04 08:00:00,12.382721000000004,14.997644042968773,11.791223144531273,14.811090087890648,17.872552490234398,15.721551513671898,11.16982999999999
2024-07-04 09:00:00,12.954253999999992,15.700402832031273,12.215966796875023,15.386437988281273,18.639581298828148,16.401513671875023,12.095123000000001
2024-07-04 10:00:00,13.596587999999997,16.271600341796898,12.829431152343773,16.024957275390648,19.486413574218773,16.792291259765648,13.945465000000013
2024-07-04 11:00:00,14.506988999999976,16.728143310546898,13.144281005859398,16.527764892578148,20.071588134765648,17.016198730468773,14.774077999999975
2024-07-04 12:00:00,14.870514000000014,17.054101562500023,13.244470214843773,16.560601806640648,20.139489746093773,17.302575683593773,15.549224999999979
2024-07-04 13:00:00,15.387360000000001,17.336968994140648,13.365808105468773,16.577447509765648,20.093469238281273,17.443811035156273,15.898101999999994
2024-07-04 14:00:00,15.50576799999999,17.460168457031273,12.943780517578148,15.978540039062523,19.441125488281273,17.418725585937523,16.213775999999996
2024-07-04 15:00:00,16.034087999999997,17.501062011718773,12.561547851562523,15.351342773437523,18.762628173828148,17.199090576171898,16.287262
2024-07-04 16:00:00,15.578278000000012,17.453027343750023,12.413720703125023,15.079217529296898,18.456170654296898,16.799707031250023,16.18081699999999
2024-07-04 17:00:00,15.178619000000026,17.221643066406273,11.784753417968773,14.326898193359398,17.449121093750023,16.467431640625023,16.079009999999982
2024-07-04 18:00:00,14.643218999999988,16.827264404296898,11.001580810546898,13.561853027343773,16.423974609375023,15.842736816406273,15.817047000000002
2024-07-04 19:00:00,13.983063000000016,16.131250000000023,10.308587646484398,12.931970214843773,15.750146484375023,15.141961669921898,15.461822499999982
2024-07-04 20:00:00,13.305572499999982,15.233392333984398,9.514855957031273,12.334924316406273,15.122338867187523,14.437615966796898,14.216460999999981
2024-07-04 21:00:00,12.661530000000027,14.443322753906273,9.004144287109398,11.926660156250023,14.666650390625023,13.867517089843773,12.866607999999985
2024-07-04 22:00:00,12.00161700000001,13.813134765625023,8.670526123046898,11.679132080078148,14.605218505859398,13.267327880859398,11.50039700000002
2024-07-04 23:00:00,11.360015999999973,13.462976074218773,8.457940673828148,11.575036621093773,14.497735595703148,12.837335205078148,10.729400999999996
